1 13
1 184
1 12
1 486
1 1268
1 51
1 1361
1 792
1 1362
1 573
1 36
1 665
1 540
1 435
1 746
1 78
1 878
1 588
1 914
1 14
2 12
2 51
2 792
2 746
2 875
2 726
2 884
2 724
2 184
2 578
2 883
2 747
2 36
2 14
2 579
2 1042
2 78
2 878
2 364
2 588
4 5
4 399
4 181
4 144
4 485
4 542
4 350
4 584
4 476
4 387
4 159
4 861
4 90
4 425
4 91
4 36
4 893
4 1002
4 944
4 582
8 166
8 1189
8 1275
8 185
8 488
8 575
8 236
8 1374
8 1252
8 1255
8 378
8 1077
8 1085
8 1011
8 914
8 517
8 317
8 332
8 456
8 259
9 103
9 943
9 488
9 1032
9 849
9 1068
9 401
9 1296
9 1374
9 355
9 1272
9 575
9 1248
9 1065
9 1180
9 968
9 540
9 28
9 552
9 625
10 228
10 296
10 1110
10 544
10 472
10 121
10 775
10 817
10 1363
10 251
10 78
10 607
10 315
10 138
10 148
10 112
10 489
10 128
10 355
10 556
12 492
12 973
12 56
12 1231
12 122
12 1040
12 124
12 434
12 248
12 1006
12 225
12 1347
12 988
12 688
12 32
12 197
12 48
12 498
12 354
12 443
13 122
13 492
13 232
13 1231
13 461
13 988
13 1352
13 815
13 556
13 993
13 197
13 1347
13 947
13 48
13 1193
13 1297
13 801
13 124
13 69
13 1179
15 45
15 102
15 303
15 270
15 1002
15 1258
15 1264
15 743
15 875
15 101
15 310
15 564
15 120
15 524
15 388
15 145
15 572
15 554
15 873
15 398
18 1199
18 302
18 493
18 1286
18 1009
18 405
18 781
18 691
18 1264
18 1214
18 524
18 1274
18 1319
18 421
18 185
18 1003
18 1143
18 110
18 541
18 1077
22 473
22 472
22 28
22 495
22 147
22 341
22 667
22 1356
22 2
22 654
22 1238
22 802
22 1206
22 273
22 1274
22 72
22 110
22 724
22 1389
22 264
23 624
23 650
23 543
23 506
23 86
23 1209
23 1164
23 982
23 1332
23 1379
23 810
23 1223
23 1221
23 592
23 1333
23 966
23 671
23 805
23 806
23 602
26 496
26 520
26 643
26 440
26 1268
26 880
26 38
26 199
26 903
26 1099
26 797
26 660
26 1017
26 258
26 468
26 503
26 1332
26 526
26 879
26 469
27 64
27 256
27 170
27 1364
27 132
27 402
27 439
27 319
27 335
27 308
27 806
27 1303
27 334
27 798
27 345
27 939
27 490
27 1327
27 1157
27 903
29 462
29 1117
29 463
29 1097
29 553
29 1099
29 817
29 1065
29 1340
29 542
29 1025
29 82
29 1027
29 1096
29 1279
29 982
29 1043
29 890
29 1127
29 866
31 498
31 106
31 266
31 1108
31 326
31 1255
31 528
31 494
31 1286
31 927
31 1006
31 410
31 360
31 196
31 803
31 1193
31 1301
31 1243
31 916
31 425
32 1108
32 700
32 106
32 1301
32 916
32 445
32 1281
32 2
32 527
32 577
32 284
32 1206
32 336
32 987
32 1072
32 1149
32 362
32 94
32 1036
32 750
33 498
33 248
33 1005
33 56
33 1006
33 927
33 27
33 154
33 124
33 231
33 688
33 1074
33 197
33 421
33 808
33 372
33 1231
33 1214
33 122
33 57
34 706
34 1279
34 446
34 82
34 988
34 1153
34 1260
34 402
34 716
34 190
34 344
34 482
34 964
34 1346
34 1090
34 85
34 186
34 594
34 586
34 274
35 500
35 88
35 268
35 87
35 450
35 123
35 270
35 968
35 95
35 966
35 300
35 267
35 458
35 407
35 1177
35 104
35 334
35 865
35 265
35 911
