1 251
1 1079
1 359
1 327
1 13
1 486
1 758
1 172
1 394
1 61
1 665
1 35
1 875
1 184
1 13
1 154
1 429
1 285
1 114
1 429
2 251
2 1079
2 36
2 884
2 12
2 51
2 875
2 184
2 12
2 181
2 350
2 368
2 607
2 579
2 594
2 429
2 285
2 687
2 114
2 429
3 251
3 1079
3 36
3 181
3 350
3 368
3 5
3 524
3 1073
3 181
3 485
3 95
3 485
3 144
3 90
3 5
3 399
3 582
3 175
3 285
4 916
4 376
4 819
4 1275
4 879
4 143
4 291
4 333
4 563
4 1291
4 378
4 1369
4 1189
4 166
4 1189
4 1160
4 1286
4 169
4 280
4 691
5 251
5 1079
5 36
5 103
5 1073
5 1374
5 102
5 849
5 1032
5 1102
5 78
5 813
5 1176
5 233
5 587
5 26
5 568
5 327
6 251
6 1079
6 36
6 1317
6 891
6 1146
6 1045
6 271
6 935
6 834
6 819
6 1388
6 472
6 607
6 775
6 175
6 285
6 374
6 3
6 775
7 1323
7 143
7 680
7 33
7 254
7 291
7 3
7 176
7 1332
7 154
7 492
7 233
7 399
7 920
7 492
7 1186
7 492
7 1115
7 246
7 758
8 251
8 1079
8 1087
8 1306
8 1083
8 1379
8 1193
8 559
8 990
8 985
8 1083
8 1379
8 19
8 556
8 461
8 932
8 1112
8 803
8 10
8 492
9 875
9 388
9 46
9 763
9 838
9 846
9 21
9 326
9 22
9 3
9 775
9 984
9 5
9 524
9 1073
9 398
9 524
9 120
9 1152
9 418
10 583
10 1077
10 1286
10 169
10 405
10 524
10 405
10 949
10 355
10 302
10 254
10 291
10 180
10 570
10 482
10 1067
10 668
10 853
10 10
10 1103
11 1323
11 143
11 153
11 472
11 543
11 1387
11 836
11 483
11 1293
11 1149
11 104
11 657
11 320
11 28
11 98
11 64
11 1208
11 256
11 320
11 831
12 281
12 613
12 404
12 916
12 376
12 392
12 137
12 391
12 749
12 215
12 543
12 982
12 1221
12 387
12 34
12 3
12 775
12 984
12 1223
12 631
13 251
13 1079
13 36
13 853
13 660
13 143
13 1099
13 258
13 1268
13 879
13 468
13 503
13 643
13 496
13 199
13 496
14 875
14 388
14 46
14 483
14 178
14 1312
14 129
14 64
14 137
14 64
14 1208
14 256
14 345
14 973
14 969
15 761
15 1099
15 509
15 405
15 949
15 463
15 462
15 1096
15 1097
15 866
16 916
16 376
16 61
16 269
16 106
16 920
16 3
16 775
16 621
16 410
16 1112
16 803
16 106
16 154
16 750
16 1076
16 1113
16 878
16 111
16 945
17 916
17 376
17 751
17 527
17 1276
17 700
17 320
17 831
17 61
17 269
17 106
17 920
17 3
17 775
17 370
17 556
17 1112
17 803
17 106
17 154
18 1045
18 271
18 935
18 3
18 176
18 1133
18 1332
18 154
18 581
18 161
18 181
18 231
18 106
18 154
18 233
18 27
18 1350
18 1162
18 492
18 1115
19 449
19 460
19 1146
19 180
19 482
19 1138
19 853
19 660
19 402
19 706
19 190
19 446
19 554
19 1323
19 1140
19 1293
19 237
19 82
19 326
19 1093
20 911
20 370
20 147
20 584
20 1371
20 485
20 387
20 268
20 1332
20 500
20 158
20 5
20 1110
20 991
20 388
20 970
20 26
20 339
20 1181
20 403
21 187
21 449
21 460
21 716
21 502
21 714
21 271
21 502
21 16
21 377
21 1176
21 1137
21 1017
21 343
21 508
21 810
21 67
21 12
21 629
21 411
22 386
22 1148
22 147
22 271
22 398
22 66
22 254
22 254
22 125
22 41
22 706
22 882
22 474
22 1372
22 331
22 395
22 185
23 251
23 1079
23 36
23 130
23 1287
23 166
23 911
23 370
23 724
23 374
23 911
23 175
23 382
23 280
23 725
23 879
23 1103
23 906
23 586
23 1109
24 251
24 1079
24 36
24 340
24 925
24 12
24 1023
24 1261
24 472
24 268
24 1332
24 88
24 1317
24 399
24 981
24 275
24 1172
24 120
24 756
24 46
25 449
25 460
25 841
25 1073
25 3
25 775
25 945
25 504
25 1317
25 891
25 482
25 130
25 409
25 97
25 169
25 483
25 697
25 647
25 988
25 990
26 251
26 1079
26 935
26 736
26 990
26 985
26 359
26 495
26 931
26 382
26 737
26 512
26 389
26 119
26 98
26 418
26 3
26 335
26 3
26 326
27 281
27 613
27 404
27 834
27 415
27 429
27 1176
27 1129
27 1178
27 654
27 1083
27 1363
27 1176
27 1129
27 1178
27 779
27 250
27 699
27 485
27 1055
28 251
28 1079
28 36
28 1023
28 502
28 1158
28 911
28 370
28 724
28 485
28 1055
28 451
28 752
28 1048
28 27
28 834
28 415
28 429
28 1050
28 864
29 251
29 1079
29 324
29 26
29 250
29 787
29 787
29 146
29 482
29 533
29 3
29 775
29 180
29 570
29 779
29 250
29 301
29 1234
29 26
29 526
30 875
30 388
30 46
30 3
30 775
30 984
30 126
30 602
30 45
30 1112
30 801
30 901
30 1070
30 633
30 1059
30 779
30 250
30 699
31 251
31 1079
31 228
31 1082
31 533
31 751
31 98
31 3
31 916
31 376
31 1325
31 910
31 920
31 901
31 1350
31 700
31 107
31 298
31 751
31 320
32 472
32 543
32 1387
32 990
32 985
32 242
32 382
32 752
32 530
32 737
32 512
32 382
32 1112
32 801
32 901
32 854
32 752
32 250
33 281
33 613
33 834
33 819
33 610
33 1062
33 358
33 268
33 713
33 424
33 532
33 1030
33 594
33 141
33 506
33 358
33 268
33 804
33 810
33 686
34 175
34 285
34 374
34 594
34 598
34 795
34 598
34 594
34 795
34 610
34 1062
34 520
34 326
34 1093
34 749
34 374
34 911
34 175
34 175
34 324
35 910
35 676
35 909
35 875
35 388
35 46
35 875
35 745
35 310
35 1208
35 75
35 1244
35 64
35 1208
35 256
35 654
35 297
35 1327
35 1061
36 911
36 370
36 147
36 175
36 324
36 281
36 1087
36 326
36 1093
36 1160
36 1299
36 5
36 524
36 398
36 524
36 13
36 154
36 1142
36 385
37 910
37 676
37 909
37 1317
37 891
37 1146
37 1087
37 1306
37 336
37 461
37 932
37 1018
37 176
37 487
37 519
37 3
37 176
37 1133
38 449
38 460
38 716
38 418
38 505
38 1264
38 26
38 568
38 327
38 1141
38 1196
38 979
38 475
38 383
38 78
38 1112
38 803
38 1243
38 301
38 279
39 281
39 613
39 404
39 916
39 376
39 392
39 5
39 180
39 998
39 1257
39 418
39 505
39 1264
39 130
39 37
39 11
39 3
39 335
39 333
39 1149
40 281
40 613
40 404
40 916
40 376
40 392
40 5
40 180
40 998
40 1257
40 418
40 505
40 1264
40 130
40 37
40 11
40 26
40 568
40 327
40 1152
41 911
41 370
41 724
41 147
41 175
41 324
41 393
41 879
41 143
41 399
41 482
41 3
41 389
41 874
41 358
41 800
41 927
41 1141
41 263
41 558
42 251
42 1079
42 819
42 1275
42 879
42 468
42 3
42 775
42 819
42 1081
42 194
42 1267
42 819
42 1081
42 26
42 526
42 26
42 334
42 298
42 862
43 916
43 376
43 879
43 468
43 3
43 775
43 819
43 1081
43 851
43 787
43 40
43 469
43 854
43 752
43 194
43 1267
43 482
43 3
43 990
43 985
44 251
44 1079
44 36
44 93
44 141
44 231
44 1148
44 862
44 1031
44 102
44 849
44 1032
44 752
44 1048
44 27
44 405
44 583
44 236
44 307
44 1160
45 911
45 370
45 724
45 147
45 175
45 324
45 393
45 324
45 26
45 1142
45 584
45 224
45 626
45 525
45 84
45 1317
45 398
45 524
45 120
45 98
46 251
46 1079
46 36
46 270
46 333
46 938
46 324
46 26
46 1142
46 584
46 224
46 626
46 5
46 524
46 1073
46 525
46 84
46 1317
46 398
46 524
47 251
47 1079
47 36
47 223
47 482
47 932
47 853
47 1138
47 1193
47 26
47 568
47 327
47 98
47 153
47 1253
47 1299
47 170
47 1364
47 470
47 271
48 251
48 1079
48 36
48 141
48 199
48 704
48 26
48 526
48 900
48 26
48 334
48 1228
48 633
48 683
48 526
48 879
48 468
48 503
48 925
48 41
49 916
49 376
49 751
49 527
49 324
49 320
49 3
49 335
49 914
49 854
49 320
49 831
49 320
49 321
49 854
49 356
49 356
49 819
49 1395
49 524
50 251
50 1079
50 326
50 1093
50 1048
50 27
50 1207
50 838
50 1286
50 169
50 1191
50 329
50 1194
50 1366
50 3
50 335
50 1149
50 1154
50 1112
50 801
51 251
51 1079
51 254
51 291
51 882
51 906
51 75
51 456
51 3
51 335
51 1149
51 1154
51 161
51 181
51 106
51 154
51 10
51 22
51 3
51 775
52 251
52 1079
52 254
52 291
52 882
52 906
52 75
52 456
52 324
52 26
52 3
52 335
52 3
52 326
52 706
52 1142
52 21
52 326
52 324
52 26
53 251
53 1079
53 1146
53 102
53 175
53 285
53 374
53 911
53 382
53 280
53 3
53 775
53 267
53 298
53 621
53 410
53 1112
53 803
53 22
53 1139
54 281
54 613
54 5
54 524
54 398
54 524
54 789
54 26
54 525
54 84
54 398
54 524
54 535
54 651
54 525
54 84
54 398
54 524
54 357
54 508
55 251
55 1079
55 1285
55 251
55 916
55 376
55 254
55 291
55 882
55 906
55 507
55 153
55 460
55 345
55 1060
55 832
55 181
55 350
55 327
55 833
56 251
56 1079
56 1285
56 251
56 916
56 376
56 1123
56 637
56 254
56 291
56 1275
56 753
56 1275
56 898
56 137
56 391
56 411
56 1045
56 637
56 461
57 251
57 1079
57 36
57 1099
57 26
57 865
57 1275
57 753
57 1085
57 1055
57 1294
57 842
57 1275
57 753
57 1085
57 3
57 775
57 984
57 655
57 152
58 1323
58 143
58 910
58 932
58 524
58 387
58 270
58 963
58 408
58 120
58 5
58 524
58 784
58 162
58 13
58 154
58 1045
58 1359
58 1055
58 1294
59 281
59 613
59 404
59 114
59 718
59 141
59 523
59 398
59 935
59 621
59 410
59 498
59 3
59 335
59 333
59 3
59 326
59 335
59 706
59 1142
60 910
60 676
60 482
60 3
60 841
60 1073
60 264
60 473
60 320
60 1317
60 538
60 350
60 243
60 320
60 831
60 495
60 18
60 320
60 321
60 320
61 449
61 460
61 716
61 1146
61 180
61 472
61 854
61 672
61 1208
61 313
61 286
61 854
61 235
61 920
61 965
61 1176
61 327
61 539
61 5
61 524
62 281
62 613
62 1141
62 803
62 819
62 1081
62 382
62 1256
62 932
62 1171
62 251
62 1079
62 320
62 286
62 3
62 775
62 910
62 676
62 1139
62 194
63 734
63 880
63 1073
63 916
63 376
63 392
63 718
63 1084
63 91
63 472
63 543
63 1387
63 3
63 176
63 1133
63 411
63 1045
63 598
63 655
63 224
64 905
64 239
64 1048
64 926
64 1234
64 357
64 910
64 920
64 461
64 932
64 1111
64 879
64 1298
64 1252
64 1234
64 357
64 935
64 1069
64 916
64 376
65 449
65 460
65 716
65 3
65 335
65 333
65 3
65 326
65 335
65 3
65 180
65 389
65 98
65 3
65 424
65 393
65 3
65 484
65 3
65 775
66 916
66 376
66 378
66 691
66 590
66 128
66 905
66 144
66 133
66 458
66 853
66 1138
66 208
66 530
66 320
66 831
66 1060
66 832
66 394
66 61
67 916
67 376
67 458
67 584
67 128
67 149
67 139
67 920
67 3
67 335
67 3
67 326
67 3
67 180
67 98
67 3
67 372
67 200
67 393
67 3
68 251
68 1079
68 36
68 1323
68 143
68 153
68 594
68 879
68 1030
68 254
68 291
68 906
68 248
68 231
68 493
68 1306
68 877
68 1266
68 81
68 350
69 251
69 1079
69 36
69 523
69 398
69 935
69 399
69 906
69 195
69 264
69 1138
69 920
69 853
69 1138
69 1193
69 1193
69 559
69 365
69 3
69 335
70 320
70 502
70 396
70 853
70 1138
70 1193
70 3
70 335
70 333
70 3
70 326
70 335
70 359
70 327
70 184
70 853
70 3
70 850
71 1045
71 271
71 935
71 619
71 935
71 1090
71 26
71 568
71 327
71 98
71 153
71 1253
71 345
71 973
71 969
72 251
72 1079
72 911
72 370
72 374
72 911
72 1360
72 186
72 621
72 410
72 98
72 153
72 1299
72 170
72 910
72 497
72 238
72 10
72 670
72 1367
73 251
73 1079
73 860
73 415
73 449
73 460
73 324
73 26
73 103
73 1073
73 517
73 488
73 397
73 648
73 394
73 61
73 1018
73 161
73 1189
73 956
74 281
74 613
74 1099
74 26
74 1323
74 143
74 3
74 176
74 355
74 691
74 358
74 268
74 1208
74 51
74 26
74 26
74 568
74 1142
74 997
74 594
75 834
75 819
75 645
75 928
75 1146
75 951
75 26
75 339
75 396
75 527
75 324
75 180
75 186
75 252
75 324
75 501
75 324
75 320
75 5
75 524
76 281
76 613
76 1141
76 803
76 916
76 376
76 5
76 180
76 485
76 1055
76 1372
76 331
76 95
76 462
76 285
76 795
76 396
76 527
76 26
76 568
77 281
77 613
77 175
77 301
77 670
77 556
77 483
77 178
77 3
77 326
77 752
77 1048
77 238
77 10
77 1256
77 1078
77 519
77 604
77 329
77 1395
78 911
78 370
78 724
78 147
78 1355
78 1080
78 297
78 589
78 578
78 986
78 591
78 850
78 1318
78 935
78 1043
78 543
78 591
78 543
78 589
79 175
79 285
79 910
79 676
79 137
79 391
79 597
79 600
79 374
79 911
79 443
79 805
79 26
79 568
79 482
79 74
79 670
79 556
79 374
79 911
80 1087
80 1306
80 120
80 790
80 137
80 391
80 597
80 600
80 254
80 291
80 1163
80 107
80 149
80 482
80 969
80 875
80 301
80 544
80 209
80 1317
81 251
81 1079
81 36
81 594
81 598
81 795
81 598
81 594
81 795
81 714
81 445
81 672
81 700
81 107
81 350
81 1276
81 700
81 1206
81 1162
81 1094
82 281
82 613
82 834
82 819
82 1087
82 1306
82 324
82 399
82 879
82 678
82 779
82 250
82 137
82 38
82 3
82 775
82 918
82 1331
82 399
82 127
83 251
83 1079
83 36
83 898
83 130
83 181
83 1275
83 898
83 396
83 752
83 1048
83 27
83 753
83 1275
83 428
83 1070
83 633
83 1059
83 706
83 1142
84 875
84 293
84 1087
84 1306
84 254
84 291
84 1219
84 32
84 5
84 524
84 398
84 524
84 1070
84 633
84 161
84 181
84 1146
84 1358
84 98
84 418
85 251
85 1079
85 853
85 719
85 916
85 376
85 937
85 268
85 1332
85 910
85 913
85 610
85 24
85 98
85 418
85 271
85 398
85 3
85 775
85 874
86 916
86 376
86 1227
86 455
86 1045
86 271
86 322
86 832
86 879
86 143
86 755
86 597
86 600
86 1112
86 801
86 431
86 755
86 722
86 1150
86 686
87 251
87 1079
87 324
87 26
87 911
87 370
87 3
87 335
87 3
87 326
87 1307
87 1244
87 853
87 660
87 26
87 1223
87 1203
87 483
87 178
87 1304
88 281
88 613
88 449
88 460
88 449
88 615
88 510
88 618
88 932
88 1171
88 424
88 821
88 355
88 302
88 1266
88 279
88 560
88 1225
88 613
88 1077
89 281
89 613
89 3
89 775
89 879
89 468
89 925
89 41
89 621
89 410
89 250
89 612
89 877
89 752
89 739
89 1359
89 412
89 137
89 418
89 869
90 1160
90 385
90 394
90 411
90 1045
90 598
90 483
90 178
90 1312
90 388
90 970
90 407
90 3
90 335
90 333
90 3
90 326
90 335
90 1367
90 291
91 251
91 1079
91 36
91 610
91 1062
91 520
91 326
91 1093
91 749
91 316
91 885
91 1362
91 879
91 468
91 503
91 925
91 41
91 568
92 98
92 1201
92 684
92 688
92 1252
92 747
92 834
92 415
92 810
92 758
92 251
92 1079
92 910
92 920
92 1108
92 931
92 1219
92 711
92 1142
92 39
93 916
93 376
93 691
93 635
93 355
93 302
93 635
93 1241
93 475
93 577
93 910
93 920
93 26
93 568
93 461
93 840
93 355
93 400
93 1045
93 271
94 251
94 1079
94 36
94 1317
94 891
94 1146
94 5
94 524
94 1073
94 398
94 524
94 120
94 5
94 488
94 103
94 324
94 501
94 438
94 324
94 320
95 251
95 1079
95 36
95 1317
95 891
95 1146
95 5
95 524
95 1073
95 398
95 524
95 120
95 194
95 1090
95 447
95 819
95 1081
95 553
95 535
95 635
96 911
96 370
96 724
96 147
96 175
96 324
96 393
96 586
96 1109
96 1259
96 701
96 1256
96 699
96 1332
96 154
96 581
96 637
96 137
96 38
96 176
97 251
97 1079
97 36
97 882
97 906
97 925
97 254
97 291
97 906
97 286
97 516
97 1001
97 1270
97 953
97 725
97 728
97 880
97 807
97 137
97 38
98 559
98 1393
98 1343
98 182
98 969
98 1145
98 141
98 199
98 1096
98 182
98 238
98 10
98 638
98 281
98 613
98 834
98 819
98 918
98 1331
98 190
99 98
99 1201
99 958
99 1379
99 553
99 274
99 1323
99 143
99 461
99 840
99 394
99 61
99 281
99 613
99 469
99 582
99 639
99 833
99 153
99 408
100 251
100 1079
100 326
100 1093
100 1013
100 384
100 823
100 849
100 1172
100 853
100 31
100 400
100 1126
100 751
100 1052
100 898
100 932
100 1171
100 938
100 741
101 187
101 449
101 460
101 825
101 760
101 752
101 1048
101 820
101 284
101 752
101 1048
101 817
101 835
101 1030
101 378
101 10
101 838
101 66
101 521
101 394
102 853
102 660
102 143
102 286
102 516
102 1001
102 774
102 516
102 543
102 834
102 31
102 497
102 728
102 998
102 910
102 180
102 570
102 332
102 482
102 1111
103 882
103 906
103 925
103 31
103 400
103 885
103 1048
103 1049
103 720
103 770
103 669
103 771
103 254
103 291
103 906
104 916
104 376
104 821
104 1177
104 820
104 284
104 774
104 516
104 1024
104 835
104 882
104 1138
104 1024
104 1136
104 1042
104 492
104 762
104 824
104 1055
104 1294
105 251
105 1079
105 36
105 324
105 26
105 1142
105 763
105 838
105 846
105 764
105 153
105 407
105 821
105 1018
105 1012
105 224
105 512
105 841
105 890
105 764
106 1045
106 271
106 935
106 594
106 879
106 1030
106 890
106 764
106 1129
106 908
106 910
106 100
107 1317
107 891
107 1045
107 271
107 607
107 898
107 883
107 865
107 51
107 100
107 835
107 834
107 909
107 137
107 1279
107 1165
107 1323
107 143
107 1020
107 1053
108 251
108 1079
108 36
108 411
108 1045
108 598
108 768
108 909
108 726
108 834
108 31
108 497
108 932
108 1171
108 835
108 1208
108 75
108 1244
108 1032
108 13
109 864
109 31
109 1008
109 31
109 533
109 5
109 137
109 391
109 749
109 158
109 5
109 500
110 916
110 376
110 66
110 340
110 26
110 334
110 1032
110 13
110 98
110 3
110 1015
110 141
110 774
110 841
110 914
110 854
110 862
110 617
110 31
110 400
111 175
111 285
111 326
111 1093
111 1172
111 853
111 26
111 334
111 1131
111 392
111 374
111 911
111 95
111 403
111 400
111 645
111 875
111 388
111 391
111 658
112 911
112 370
112 320
112 28
112 735
112 641
112 98
112 3
112 320
112 831
112 897
112 1123
112 137
112 743
112 841
112 1176
112 374
112 911
112 741
112 916
113 251
113 1079
113 411
113 1045
113 1052
113 1359
113 716
113 67
113 137
113 391
113 854
113 1398
113 368
113 451
113 685
113 879
113 468
113 996
113 1353
113 1256
114 316
114 885
114 895
114 100
114 877
114 752
114 581
114 659
114 879
114 468
114 3
114 775
114 916
114 376
114 485
114 387
114 266
114 395
114 1323
114 143
115 320
115 831
115 359
115 327
115 864
115 65
115 1146
115 102
115 781
115 326
115 1093
115 13
115 154
115 3
115 775
115 422
115 320
115 502
116 251
116 1079
116 268
116 88
116 194
116 1090
116 701
116 1256
116 180
116 570
116 384
116 48
116 1038
116 702
116 384
116 48
116 382
116 1256
116 711
116 728
117 910
117 676
117 882
117 906
117 281
117 613
117 285
117 1328
117 242
117 229
117 230
117 931
117 998
117 1255
117 967
117 1112
117 803
117 551
117 1146
117 1285
118 251
118 1079
118 36
118 137
118 391
118 749
118 610
118 1062
118 520
118 326
118 1093
118 749
118 600
118 545
118 210
118 701
118 1256
118 699
118 600
118 545
119 251
119 1079
119 324
119 26
119 1013
119 384
119 323
119 324
119 656
119 1034
119 143
119 619
119 1055
119 1294
119 485
119 1055
119 756
119 1371
119 1048
119 926
120 320
120 502
120 396
120 527
120 890
120 1146
120 31
120 1146
120 31
120 400
120 853
120 769
120 1052
120 898
120 253
120 1150
120 1215
120 363
120 1182
120 344
121 251
121 1079
121 36
121 875
121 388
121 46
121 875
121 745
121 310
121 890
121 1146
121 842
121 31
121 400
121 885
121 31
121 400
121 885
121 887
121 670
122 251
122 1079
122 836
122 483
122 1146
122 102
122 175
122 285
122 374
122 911
122 382
122 280
122 532
122 1030
122 938
122 1052
122 898
122 281
122 613
122 834
123 911
123 370
123 910
123 676
123 607
123 898
123 374
123 911
123 1360
123 186
123 1032
123 1076
123 41
123 706
123 389
123 504
123 3
123 775
123 227
123 879
124 251
124 1079
124 1146
124 451
124 21
124 143
124 926
124 114
124 238
124 10
124 1150
124 621
124 594
124 598
124 598
124 594
124 706
124 1142
124 309
124 3
125 176
125 350
125 1195
125 610
125 1062
125 520
125 31
125 920
125 880
125 3
125 775
125 984
125 1083
125 1379
125 711
125 1045
125 271
125 935
125 875
125 388
126 1265
126 994
126 1094
126 1095
126 1326
126 490
126 368
126 451
126 638
126 389
126 507
126 298
126 397
126 254
126 125
126 1083
126 1379
126 711
126 875
126 388
127 1323
127 143
127 1067
127 731
127 687
127 887
127 482
127 3
127 836
127 483
127 320
127 28
127 582
127 606
127 507
127 842
127 1196
127 586
127 1317
127 399
128 911
128 370
128 724
128 147
128 184
128 1043
128 945
128 988
128 989
128 834
128 415
128 429
128 264
128 473
128 301
128 429
128 285
128 687
128 114
128 429
129 911
129 370
129 147
129 945
129 143
129 855
129 314
129 945
129 988
129 834
129 415
129 507
129 842
129 143
129 619
129 1276
129 700
129 853
129 3
129 507
130 251
130 1079
130 1111
130 879
130 774
130 516
130 90
130 5
130 66
130 254
130 864
130 31
130 105
130 859
130 1306
130 631
130 408
130 782
130 859
130 394
131 251
131 1079
131 1118
131 635
131 139
131 920
131 169
131 483
131 1017
131 1021
131 340
131 1141
131 517
131 1049
131 443
131 805
131 955
131 1023
131 950
131 158
132 1317
132 891
132 1146
132 1152
132 418
132 997
132 1026
132 1014
132 1023
132 31
132 400
132 885
133 1045
133 271
133 935
133 1152
133 418
133 997
133 1026
133 1014
133 1023
133 31
133 400
133 885
134 1323
134 143
134 343
134 508
134 619
134 935
134 1026
134 1014
134 31
134 400
134 566
134 834
134 31
134 355
134 400
134 355
134 964
134 935
134 736
134 752
135 251
135 1079
135 36
135 1045
135 271
135 935
135 619
135 935
135 1090
135 1026
135 1014
135 1023
135 31
135 400
135 885
135 1029
135 1120
135 1030
136 251
136 1079
136 36
136 619
136 935
136 1090
136 1026
136 1014
136 1023
136 31
136 400
136 885
136 106
136 774
136 526
136 175
136 1033
136 1125
136 3
136 176
137 175
137 285
137 910
137 676
137 836
137 483
137 1152
137 418
137 374
137 911
137 1098
137 1100
137 1317
137 399
137 607
137 579
137 1026
137 1014
137 955
137 1023
138 911
138 370
138 324
138 26
138 1013
138 384
138 885
138 954
138 910
138 913
138 908
138 910
138 224
138 512
138 1052
138 898
138 374
138 911
138 175
138 324
139 911
139 370
139 324
139 26
139 862
139 617
139 1013
139 384
139 3
139 176
139 887
139 670
139 820
139 284
139 268
139 650
139 910
139 913
139 908
139 910
140 251
140 1079
140 36
140 769
140 887
140 954
140 885
140 954
140 870
140 954
140 1038
140 1202
141 251
141 1079
141 36
141 836
141 483
141 1293
141 853
141 1138
141 1193
141 254
141 291
141 906
141 885
141 954
141 870
141 26
141 334
141 1228
141 106
141 154
142 251
142 1079
142 827
142 127
142 345
142 1219
142 711
142 769
142 887
142 885
142 954
142 394
142 61
142 910
142 920
142 224
142 512
142 3
142 176
142 1125
143 251
143 1079
143 36
143 581
143 659
143 1129
143 853
143 1138
143 1193
143 885
143 954
143 870
143 1045
143 839
143 1051
143 1052
143 898
143 743
143 468
143 231
144 916
144 376
144 1152
144 418
144 841
144 1183
144 840
144 1045
144 1045
144 1359
144 910
144 194
144 1142
144 385
144 841
144 1176
144 1128
144 1325
144 482
144 533
145 251
145 1079
145 950
145 121
145 1045
145 271
145 411
145 1045
145 897
145 1123
145 1048
145 27
145 396
145 527
145 254
145 291
145 1045
145 839
145 1045
145 1359
146 449
146 460
146 840
146 1045
146 752
146 1048
146 1146
146 180
146 1023
146 1261
146 883
146 865
146 1045
146 1359
146 841
146 1176
146 916
146 376
146 340
146 1141
147 251
147 1079
147 36
147 853
147 3
147 850
147 1023
147 1261
147 472
147 419
147 1275
147 420
147 532
147 1030
147 931
147 1358
147 1357
147 647
147 1128
147 1172
148 875
148 388
148 46
148 1048
148 27
148 470
148 1048
148 926
148 533
148 752
148 1048
148 27
148 31
148 400
148 885
148 1048
148 1049
148 720
148 1045
148 1359
149 911
149 370
149 147
149 879
149 143
149 1014
149 648
149 1023
149 1261
149 1219
149 32
149 883
149 865
149 1070
149 633
149 1052
149 898
150 251
150 1079
150 268
150 88
150 532
150 1259
150 1108
150 931
150 877
150 752
150 1112
150 803
150 429
150 285
150 31
150 920
150 996
150 1353
150 519
150 604
151 251
151 1079
151 36
151 950
151 121
151 1121
151 1317
151 891
151 1146
151 264
151 473
151 301
151 324
151 399
151 1266
151 3
151 176
151 1133
151 512
151 1166
152 281
152 613
152 916
152 376
152 324
152 26
152 3
152 335
152 3
152 326
152 877
152 752
152 3
152 176
152 1334
152 203
152 251
152 1079
152 469
152 582
153 281
153 613
153 404
153 876
153 1012
153 1089
153 1063
153 394
153 1081
153 149
153 393
153 394
153 551
153 454
153 1088
153 853
153 3
153 850
153 281
153 299
154 1023
154 1261
154 472
154 1087
154 832
154 1267
154 264
154 473
154 301
154 111
154 281
154 863
154 485
154 1055
154 451
154 853
154 3
154 850
154 159
154 834
155 480
155 57
155 610
155 194
155 877
155 1090
155 238
155 594
155 598
155 1099
155 1101
155 1100
155 810
155 5
155 1345
155 804
155 810
155 275
156 251
156 1079
156 36
156 242
156 316
156 534
156 534
156 1232
156 1209
156 761
156 1099
156 509
156 254
156 291
156 906
156 879
156 1103
156 906
157 175
157 285
157 3
157 775
157 268
157 607
157 374
157 911
157 1334
157 203
157 1006
157 670
157 1393
157 318
157 161
157 181
157 935
157 95
157 898
157 1287
158 251
158 1079
158 36
158 254
158 291
158 906
158 405
158 949
158 463
158 429
158 285
158 687
158 95
158 462
158 762
158 355
158 302
158 635
159 251
159 1079
159 268
159 88
159 137
159 391
159 875
159 544
159 1197
159 1321
159 908
159 910
159 895
159 12
159 1112
159 801
159 1112
159 803
159 106
159 154
160 1358
160 1173
160 890
160 1146
160 885
160 954
160 1071
160 1134
160 890
160 764
160 396
160 444
160 31
160 400
160 932
160 1171
160 763
160 838
160 3
160 176
161 703
161 637
161 264
161 473
161 26
161 143
161 935
161 736
161 200
161 112
161 1386
161 324
161 399
161 98
161 418
161 327
161 278
161 324
161 320
161 17
162 251
162 1079
162 320
162 1140
162 1193
162 559
162 853
162 1138
162 98
162 418
162 1367
162 291
162 324
162 320
162 279
162 547
162 507
162 153
162 17
162 350
163 916
163 376
163 26
163 568
163 359
163 327
163 619
163 935
163 1060
163 832
163 322
163 832
163 584
163 224
163 10
163 492
163 492
163 56
163 492
163 233
164 251
164 1079
164 36
164 1043
164 122
164 363
164 503
164 316
164 415
164 483
164 178
164 1312
164 388
164 970
164 407
164 3
164 335
164 333
164 3
164 326
165 744
165 914
165 1269
165 74
165 943
165 387
165 17
165 350
165 348
165 3
165 335
165 333
165 3
165 326
165 335
165 388
165 970
165 407
165 321
165 1203
166 1045
166 271
166 935
166 619
166 935
166 1090
166 532
166 1030
166 931
166 62
166 3
166 326
166 335
166 388
166 970
166 407
166 978
166 1276
166 531
166 64
167 1193
167 559
167 320
167 28
167 1087
167 1306
167 324
167 399
167 536
167 525
167 84
167 877
167 258
167 1279
167 553
167 1100
167 429
167 285
167 1318
167 485
168 251
168 1079
168 990
168 985
168 853
168 1138
168 523
168 398
168 379
168 410
168 320
168 831
168 313
168 335
168 750
168 118
168 136
168 591
168 495
168 18
169 251
169 1079
169 990
169 985
169 853
169 1138
169 523
169 398
169 1212
169 320
169 831
169 3
169 775
169 750
169 118
169 136
169 591
169 495
169 18
169 738
170 187
170 834
170 819
170 1294
170 906
170 893
170 905
170 239
170 175
170 1033
170 526
170 824
170 472
170 543
170 763
170 275
170 11
170 1359
170 11
170 385
171 911
171 370
171 670
171 556
171 374
171 911
171 382
171 280
171 169
171 483
171 610
171 1062
171 358
171 268
171 1266
171 279
171 358
171 268
171 804
171 810
172 320
172 28
172 98
172 320
172 321
172 527
172 320
172 831
172 264
172 751
172 527
172 362
172 324
172 320
172 366
172 3
172 335
172 333
172 320
172 286
173 875
173 293
173 386
173 532
173 264
173 473
173 301
173 532
173 1030
173 931
173 117
173 853
173 3
173 850
173 90
173 91
173 451
173 1272
173 1256
173 749
174 1067
174 731
174 384
174 424
174 153
174 178
174 875
174 388
174 46
174 706
174 1318
174 386
174 1174
174 1232
174 483
174 178
174 1312
174 483
174 501
174 533
175 607
175 898
175 1146
175 3
175 775
175 984
175 941
175 112
175 270
175 238
175 10
175 895
175 1256
175 1078
175 668
175 1256
175 285
175 347
176 285
176 795
176 990
176 985
176 836
176 483
176 5
176 524
176 181
176 485
176 853
176 1138
176 1395
176 524
176 926
176 114
176 542
176 869
176 963
176 153
177 251
177 1079
177 36
177 1177
177 911
177 168
177 1089
177 899
177 1169
177 916
177 376
177 392
177 687
177 1034
177 68
177 399
177 127
177 361
177 543
177 1102
178 911
178 370
178 724
178 819
178 1275
178 273
178 374
178 911
178 175
178 31
178 233
178 940
178 1032
178 1076
178 1133
178 938
178 741
178 1171
178 591
178 850
179 911
179 370
179 752
179 1048
179 753
179 1275
179 1070
179 633
179 706
179 1142
179 374
179 911
179 879
179 143
179 752
179 1048
179 1023
179 1261
179 1164
179 229
180 281
180 613
180 404
180 449
180 460
180 716
180 874
180 218
180 880
180 314
180 617
180 616
180 106
180 938
180 159
180 882
180 1102
180 807
180 613
180 1077
181 176
181 350
181 1195
181 610
181 1062
181 520
181 31
181 920
181 880
181 875
181 388
181 46
182 326
182 1093
182 26
182 526
182 26
182 334
182 655
182 508
182 1111
182 879
182 774
182 516
182 1266
182 634
182 5
182 634
182 544
182 597
182 440
182 445
183 251
183 1079
183 36
183 340
183 925
183 12
183 175
183 285
183 374
183 374
183 911
183 175
183 106
183 502
183 503
183 175
183 285
183 374
183 1226
183 952
184 607
184 898
184 1146
184 1048
184 27
184 470
184 67
184 251
184 895
184 554
184 1323
184 482
184 1345
184 1346
184 982
184 813
184 67
184 639
185 1045
185 271
185 935
185 1152
185 418
185 997
185 391
185 658
185 858
185 1111
185 879
185 878
186 281
186 613
186 404
186 916
186 376
186 392
186 877
186 752
186 1243
186 1112
186 803
186 1243
186 3
186 775
186 984
186 267
186 298
186 339
186 610
186 1062
187 911
187 370
187 147
187 940
187 16
187 517
187 1049
187 175
187 324
187 326
187 1093
187 3
187 176
187 31
187 400
187 1306
187 841
187 224
187 512
187 1052
188 251
188 1079
188 1317
188 891
188 1045
188 271
188 607
188 898
188 911
188 370
188 374
188 911
188 1360
188 186
188 1286
188 1270
188 953
188 728
188 1102
188 834
189 834
189 415
189 264
189 473
189 324
189 399
189 31
189 1146
189 768
189 909
189 767
189 551
189 1146
189 906
189 710
189 796
189 24
189 215
189 988
189 732
190 1014
190 648
190 391
190 658
190 1111
190 879
190 910
190 378
190 716
190 1128
190 228
190 523
190 895
190 723
190 390
190 820
190 1069
190 167
190 1227
190 455
191 251
191 1079
191 819
191 1275
191 400
191 58
191 391
191 658
191 1111
191 879
191 541
191 628
191 908
191 910
191 670
191 265
191 143
191 619
191 1208
191 75
192 875
192 388
192 46
192 875
192 745
192 310
192 735
192 641
192 1175
192 735
192 1176
192 215
192 641
193 581
193 659
193 1129
193 1087
193 1306
193 336
193 111
193 281
193 863
193 735
193 641
193 886
193 98
193 3
193 424
193 181
193 350
193 368
194 281
194 613
194 916
194 376
194 836
194 483
194 320
194 28
194 31
194 400
194 1045
194 642
194 382
194 1256
194 735
194 1176
194 938
194 741
194 838
194 1171
195 320
195 831
195 31
195 400
195 1045
195 642
195 393
195 910
195 1306
195 841
195 938
195 741
195 838
195 1171
195 449
195 460
195 485
195 1055
195 320
195 28
196 320
196 831
196 264
196 359
196 327
196 184
196 864
196 65
196 847
196 372
196 875
196 1317
196 781
196 326
196 1093
196 749
196 3
196 775
196 984
196 1323
197 281
197 613
197 404
197 768
197 909
197 726
197 884
197 1168
197 881
197 924
197 358
197 768
197 1395
197 524
197 735
197 931
197 998
197 490
197 920
197 1120
198 910
198 676
198 882
198 906
198 254
198 291
198 551
198 454
198 326
198 1093
198 906
198 870
198 26
198 334
198 320
198 286
198 31
198 400
198 224
198 512
199 175
199 285
199 1055
199 1294
199 485
199 1055
199 756
199 1371
199 1048
199 926
199 396
199 527
199 374
199 911
199 1098
199 1100
199 21
199 143
199 926
199 114
200 264
200 1138
200 1087
200 1306
200 200
200 112
200 320
200 1140
200 238
200 581
200 31
200 400
200 885
200 954
200 1071
200 1134
200 1052
200 898
200 758
200 172
201 251
201 1079
201 1295
201 396
201 103
201 1073
201 98
201 153
201 456
201 541
201 972
201 291
201 1006
201 670
201 554
201 1323
201 1345
201 1346
201 958
201 1379
202 281
202 613
202 320
202 1140
202 223
202 482
202 836
202 483
202 820
202 233
202 882
202 791
202 38
202 250
202 932
202 1306
202 1285
202 920
202 26
202 568
203 482
203 3
203 389
203 38
203 1285
203 362
203 1087
203 1306
203 336
203 910
203 676
203 909
203 482
203 969
203 1323
203 882
203 791
203 868
203 39
203 470
204 834
204 819
204 1388
204 98
204 153
204 1253
204 326
204 1093
204 749
204 937
204 1236
204 802
204 3
204 176
204 1133
204 1332
204 154
204 581
205 911
205 370
205 147
205 175
205 324
205 1017
205 1021
205 236
205 587
205 584
205 224
205 1069
205 98
205 418
205 3
205 335
205 3
205 326
206 281
206 613
206 834
206 819
206 137
206 38
206 879
206 468
206 1111
206 879
206 411
206 1045
206 443
206 805
206 458
206 264
206 1338
206 190
206 446
206 598
207 281
207 613
207 834
207 819
207 756
207 1371
207 1101
207 619
207 458
207 264
207 525
207 84
207 749
207 916
207 819
207 39
207 1111
207 879
207 228
207 587
208 251
208 1079
208 324
208 26
208 482
208 533
208 1266
208 279
208 368
208 621
208 19
208 337
208 991
208 1266
208 1344
208 1177
208 1345
208 1242
208 853
208 598
209 251
209 1079
209 36
209 450
209 463
209 383
209 38
209 706
209 900
209 774
209 516
209 543
209 959
209 1278
209 271
209 398
209 16
209 3
209 335
209 333
210 911
210 370
210 147
210 940
210 16
210 175
210 324
210 634
210 1172
210 268
210 1332
210 1069
210 288
210 31
210 400
210 1045
210 642
210 224
210 512
210 1052
211 251
211 1079
211 36
211 875
211 388
211 46
211 254
211 291
211 906
211 31
211 400
211 885
211 224
211 512
211 841
211 926
211 1070
211 1125
211 1055
211 1294
212 251
212 1079
212 324
212 26
212 834
212 819
212 31
212 1146
212 885
212 954
212 175
212 285
212 1358
212 1173
212 932
212 1126
212 1176
212 1129
212 1176
212 1070
213 251
213 1079
213 36
213 324
213 26
213 1142
213 382
213 1256
213 888
213 31
213 400
213 885
213 890
213 1146
213 842
213 316
213 548
213 255
213 938
213 741
214 916
214 376
214 392
214 1055
214 1294
214 842
214 485
214 1055
214 451
214 831
214 828
214 827
214 890
214 764
214 1129
214 1014
214 648
214 426
214 741
214 916
215 1323
215 143
215 461
215 840
215 482
215 533
215 535
215 984
215 1023
215 1261
215 357
215 508
215 535
215 651
215 3
215 775
215 267
215 298
215 770
215 669
216 251
216 1079
216 1146
216 102
216 175
216 285
216 374
216 911
216 382
216 280
216 64
216 1208
216 1102
216 78
216 1206
216 1225
216 3
216 176
216 194
216 1090
217 911
217 370
217 724
217 147
217 175
217 324
217 393
217 324
217 26
217 1142
217 483
217 178
217 1312
217 322
217 1073
217 1143
217 324
217 180
217 323
217 21
218 251
218 1079
218 36
218 5
218 524
218 1073
218 398
218 524
218 120
218 1006
218 670
218 93
218 1112
218 803
218 1243
218 1323
218 1237
218 152
218 324
218 180
219 251
219 1079
219 36
219 581
219 659
219 1129
219 326
219 1093
219 749
219 3
219 775
219 984
219 268
219 607
219 402
219 394
219 61
219 832
219 1256
219 1078
220 472
220 543
220 231
220 559
220 378
220 691
220 1176
220 233
220 424
220 153
220 507
220 153
220 21
220 326
220 3
220 326
220 3
220 775
220 181
220 350
221 875
221 388
221 46
221 1176
221 233
221 587
221 320
221 831
221 264
221 231
221 559
221 896
221 1293
221 836
221 221
221 962
221 3
221 775
221 984
221 851
222 911
222 370
222 724
222 147
222 175
222 324
222 393
222 393
222 3
222 484
222 31
222 400
222 885
222 1176
222 1070
222 1130
222 408
222 1358
222 407
223 875
223 388
223 46
223 393
223 3
223 484
223 31
223 400
223 885
223 864
223 1051
223 1358
223 400
223 450
223 408
223 1358
223 407
223 932
223 1171
223 835
224 1308
224 500
224 281
224 613
224 175
224 301
224 1031
224 327
224 537
224 789
224 26
224 568
224 483
224 178
224 1139
224 223
224 1395
224 524
224 405
224 1298
225 251
225 1079
225 834
225 415
225 340
225 925
225 916
225 376
225 910
225 920
225 368
225 451
225 701
225 1256
225 1266
225 279
225 66
225 1188
225 482
225 74
