1 184
1 13
1 12
1 1268
1 51
1 486
1 792
1 1361
1 1362
1 36
1 588
1 573
1 1072
1 540
1 329
1 1246
1 878
1 576
1 14
1 435
2 12
2 792
2 746
2 364
2 875
2 726
2 51
2 36
2 724
2 747
2 578
2 884
2 14
2 878
2 184
2 883
2 345
2 1089
2 908
2 321
4 5
4 399
4 181
4 485
4 144
4 542
4 476
4 350
4 861
4 387
4 364
4 584
4 329
4 159
4 36
4 425
4 893
4 1002
4 90
4 1068
8 166
8 185
8 488
8 1189
8 1275
8 575
8 236
8 1255
8 1252
8 1374
8 165
8 378
8 820
8 1085
8 1224
8 332
8 1011
8 914
8 401
8 1077
9 103
9 943
9 488
9 1296
9 401
9 1248
9 625
9 1032
9 849
9 1068
9 1374
9 355
9 1272
9 1180
9 28
9 968
9 575
9 1065
9 828
9 1226
10 228
10 296
10 544
10 315
10 1110
10 817
10 121
10 344
10 78
10 112
10 148
10 607
10 138
10 775
10 128
10 556
10 472
10 455
10 287
10 1277
12 492
12 973
12 56
12 1231
12 122
12 1040
12 124
12 248
12 1006
12 434
12 498
12 688
12 225
12 988
12 197
12 1355
12 443
12 1347
12 57
12 32
13 122
13 492
13 232
13 1231
13 1352
13 988
13 461
13 815
13 947
13 556
13 1297
13 801
13 197
13 69
13 124
13 433
13 1347
13 1193
13 48
13 927
15 45
15 270
15 102
15 303
15 1002
15 1258
15 310
15 1264
15 101
15 1147
15 524
15 572
15 743
15 344
15 120
15 398
15 564
15 98
15 387
15 89
18 302
18 405
18 1264
18 1199
18 781
18 493
18 1286
18 421
18 691
18 1214
18 524
18 1009
18 630
18 110
18 185
18 1355
18 541
18 576
18 125
18 127
22 473
22 341
22 495
22 472
22 110
22 1356
22 667
22 28
22 147
22 2
22 1206
22 72
22 1238
22 654
22 724
22 273
22 1274
22 264
22 1280
22 1235
23 624
23 650
23 506
23 86
23 1209
23 1164
23 543
23 1379
23 810
23 982
23 1223
23 592
23 966
23 1332
23 602
23 1339
23 33
23 1221
23 792
23 671
26 496
26 520
26 880
26 1268
26 38
26 440
26 903
26 643
26 797
26 199
26 1248
26 1099
26 927
26 879
26 258
26 468
26 503
26 1332
26 853
26 1017
27 64
27 256
27 170
27 439
27 1364
27 335
27 308
27 939
27 402
27 319
27 132
27 798
27 334
27 1303
27 806
27 1157
27 345
27 309
27 903
27 1327
29 462
29 463
29 1117
29 1097
29 1099
29 817
29 553
29 1065
29 1340
29 1279
29 1027
29 1025
29 542
29 982
29 1043
29 890
29 82
29 1127
29 1024
29 1096
31 498
31 106
31 266
31 1108
31 326
31 927
31 1006
31 528
31 494
31 1255
31 410
31 360
31 196
31 916
31 983
31 1286
31 750
31 1193
31 704
31 803
32 1108
32 106
32 700
32 916
32 1301
32 445
32 1281
32 2
32 577
32 527
32 927
32 933
32 1235
32 1072
32 336
32 1179
32 987
32 266
32 94
32 284
33 498
33 248
33 927
33 1006
33 56
33 1005
33 124
33 197
33 27
33 421
33 688
33 154
33 808
33 492
33 19
33 1074
33 57
33 1231
33 1351
33 122
34 344
34 1279
34 927
34 1153
34 706
34 82
34 446
34 988
34 964
34 1346
34 85
34 1260
34 190
34 402
34 628
34 520
34 594
34 274
34 186
34 712
35 500
35 88
35 268
35 87
35 123
35 450
35 458
35 270
35 966
35 95
35 968
35 334
35 300
35 717
35 267
35 456
35 1177
35 865
35 375
35 265
